  rank  | file  | diagonal   |reverse diag
100000001000000000000010000000000000000000
100000000100000000000001000001000000000000
100000000010000000000000100000100000000000
100000000001000000000000010000010000000000
100000000000100000000000001000001000000000
100000000000010000000000000100000100000000
100000000000001000000000000010000010000000
100000000000000100000000000000000001000000
010000001000000000000100000001000000000000
010000000100000000000010000000100000000000
010000000010000000000001000000010000000000
010000000001000000000000100000001000000000
010000000000100000000000010000000100000000
010000000000010000000000001000000010000000
010000000000001000000000000100000001000000
010000000000000100000000000010000000100000
001000001000000000001000000000100000000000
001000000100000000000100000000010000000000
001000000010000000000010000000001000000000
001000000001000000000001000000000100000000
001000000000100000000000100000000010000000
001000000000010000000000010000000001000000
001000000000001000000000001000000000100000
001000000000000100000000000100000000010000
000100001000000000010000000000010000000000
000100000100000000001000000000001000000000
000100000010000000000100000000000100000000
000100000001000000000010000000000010000000
000100000000100000000001000000000001000000
000100000000010000000000100000000000100000
000100000000001000000000010000000000010000
000100000000000100000000001000000000001000
000010001000000000100000000000001000000000
000010000100000000010000000000000100000000
000010000010000000001000000000000010000000
000010000001000000000100000000000001000000
000010000000100000000010000000000000100000
000010000000010000000001000000000000010000
000010000000001000000000100000000000001000
000010000000000100000000010000000000000100
000001001000000001000000000000000100000000
000001000100000000100000000000000010000000
000001000010000000010000000000000001000000
000001000001000000001000000000000000100000
000001000000100000000100000000000000010000
000001000000010000000010000000000000001000
000001000000001000000001000000000000000100
000001000000000100000000100000000000000010
000000101000000010000000000000000010000000
000000100100000001000000000000000001000000
000000100010000000100000000000000000100000
000000100001000000010000000000000000010000
000000100000100000001000000000000000001000
000000100000010000000100000000000000000100
000000100000001000000010000000000000000010
000000100000000100000001000000000000000001
000000011000000000000000000000000001000000
000000010100000010000000000000000000100000
000000010010000001000000000000000000010000
000000010001000000100000000000000000001000
000000010000100000010000000000000000000100
000000010000010000001000000000000000000010
000000010000001000000100000000000000000001
000000010000000100000010000000000000000000
